,Overall rank,Country or region,Score,GDP per capita,Social support,Healthy life expectancy,Freedom to make life choices,Generosity,Perceptions of corruption,score_10,GenDP,score_category,Rounded_score
0,1,Finland,7.769,1.34,1.587,0.986,0.596,0.153,0.393,77.69,0.20502,High score,8.0
1,2,Denmark,7.6,1.383,1.573,0.996,0.592,0.252,0.41,76.0,0.348516,High score,8.0
2,3,Norway,7.554,1.488,1.582,1.028,0.603,0.271,0.341,75.54,0.40324800000000005,High score,8.0
3,4,Iceland,7.494,1.38,1.624,1.026,0.591,0.354,0.118,74.94,0.48851999999999995,High score,7.0
4,5,Netherlands,7.488,1.396,1.522,0.999,0.557,0.322,0.298,74.88000000000001,0.44951199999999997,High score,7.0
5,6,Switzerland,7.48,1.452,1.526,1.052,0.572,0.263,0.343,74.80000000000001,0.381876,High score,7.0
6,7,Sweden,7.343,1.387,1.487,1.009,0.574,0.267,0.373,73.43,0.370329,High score,7.0
7,8,New Zealand,7.307,1.303,1.557,1.026,0.585,0.33,0.38,73.07000000000001,0.42999,High score,7.0
8,9,Canada,7.278,1.365,1.505,1.039,0.584,0.285,0.308,72.78,0.38902499999999995,High score,7.0
9,10,Austria,7.246,1.376,1.475,1.016,0.532,0.244,0.226,72.46000000000001,0.335744,High score,7.0
10,11,Australia,7.228,1.372,1.548,1.036,0.557,0.332,0.29,72.28,0.4555040000000001,High score,7.0
11,12,Costa Rica,7.167,1.034,1.441,0.963,0.558,0.144,0.093,71.67,0.148896,High score,7.0
12,13,Israel,7.139,1.276,1.455,1.029,0.371,0.261,0.082,71.39,0.333036,High score,7.0
13,14,Luxembourg,7.09,1.609,1.479,1.012,0.526,0.194,0.316,70.9,0.312146,High score,7.0
14,15,United Kingdom,7.054,1.333,1.538,0.996,0.45,0.348,0.278,70.54,0.46388399999999996,High score,7.0
15,16,Ireland,7.021,1.499,1.553,0.999,0.516,0.298,0.31,70.21,0.446702,High score,7.0
16,17,Germany,6.985,1.373,1.454,0.987,0.495,0.261,0.265,69.85000000000001,0.35835300000000003,Medium score,7.0
17,18,Belgium,6.923,1.356,1.504,0.986,0.473,0.16,0.21,69.23,0.21696000000000001,Medium score,7.0
18,19,United States,6.892,1.433,1.457,0.874,0.454,0.28,0.128,68.92,0.40124000000000004,Medium score,7.0
19,20,Czech Republic,6.852,1.269,1.487,0.92,0.457,0.046,0.036,68.52000000000001,0.058373999999999995,Medium score,7.0
20,21,United Arab Emirates,6.825,1.503,1.31,0.825,0.598,0.262,0.182,68.25,0.39378599999999997,Medium score,7.0
21,22,Malta,6.726,1.3,1.52,0.999,0.564,0.375,0.151,67.26,0.48750000000000004,Medium score,7.0
22,23,Mexico,6.595,1.07,1.323,0.861,0.433,0.074,0.073,65.95,0.07918,Medium score,7.0
23,24,France,6.592,1.324,1.472,1.045,0.436,0.111,0.183,65.92,0.146964,Medium score,7.0
24,25,Taiwan,6.446,1.368,1.43,0.914,0.351,0.242,0.097,64.46,0.331056,Medium score,6.0
25,26,Chile,6.444,1.159,1.369,0.92,0.357,0.187,0.056,64.44,0.216733,Medium score,6.0
26,27,Guatemala,6.436,0.8,1.269,0.746,0.535,0.175,0.078,64.36,0.13999999999999999,Medium score,6.0
27,28,Saudi Arabia,6.375,1.403,1.357,0.795,0.439,0.08,0.132,63.75,0.11224,Medium score,6.0
28,29,Qatar,6.374,1.684,1.313,0.871,0.555,0.22,0.167,63.739999999999995,0.37048,Medium score,6.0
29,30,Spain,6.354,1.286,1.484,1.062,0.362,0.153,0.079,63.54,0.196758,Medium score,6.0
30,31,Panama,6.321,1.149,1.442,0.91,0.516,0.109,0.054,63.209999999999994,0.125241,Medium score,6.0
31,32,Brazil,6.3,1.004,1.439,0.802,0.39,0.099,0.086,63.0,0.099396,Medium score,6.0
32,33,Uruguay,6.293,1.124,1.465,0.891,0.523,0.127,0.15,62.93,0.142748,Medium score,6.0
33,34,Singapore,6.262,1.572,1.463,1.141,0.556,0.271,0.453,62.62,0.42601200000000006,Medium score,6.0
34,35,El Salvador,6.253,0.794,1.242,0.789,0.43,0.093,0.074,62.53,0.073842,Medium score,6.0
35,36,Italy,6.223,1.294,1.488,1.039,0.231,0.158,0.03,62.23,0.204452,Medium score,6.0
36,37,Bahrain,6.199,1.362,1.368,0.871,0.536,0.255,0.11,61.989999999999995,0.34731,Medium score,6.0
37,38,Slovakia,6.198,1.246,1.504,0.881,0.334,0.121,0.014,61.980000000000004,0.15076599999999998,Medium score,6.0
38,39,Trinidad & Tobago,6.192,1.231,1.477,0.713,0.489,0.185,0.016,61.92,0.22773500000000002,Medium score,6.0
39,40,Poland,6.182,1.206,1.438,0.884,0.483,0.117,0.05,61.82000000000001,0.141102,Medium score,6.0
40,41,Uzbekistan,6.174,0.745,1.529,0.756,0.631,0.322,0.24,61.74,0.23989,Medium score,6.0
41,42,Lithuania,6.149,1.238,1.515,0.818,0.291,0.043,0.042,61.49,0.053234,Medium score,6.0
42,43,Colombia,6.125,0.985,1.41,0.841,0.47,0.099,0.034,61.25,0.097515,Medium score,6.0
43,44,Slovenia,6.118,1.258,1.523,0.953,0.564,0.144,0.057,61.18000000000001,0.18115199999999998,Medium score,6.0
44,45,Nicaragua,6.105,0.694,1.325,0.835,0.435,0.2,0.127,61.050000000000004,0.1388,Medium score,6.0
45,46,Kosovo,6.1,0.882,1.232,0.758,0.489,0.262,0.006,61.0,0.231084,Medium score,6.0
46,47,Argentina,6.086,1.092,1.432,0.881,0.471,0.066,0.05,60.86,0.07207200000000001,Medium score,6.0
47,48,Romania,6.07,1.162,1.232,0.825,0.462,0.083,0.005,60.7,0.096446,Medium score,6.0
48,49,Cyprus,6.046,1.263,1.223,1.042,0.406,0.19,0.041,60.46,0.23997,Medium score,6.0
49,50,Ecuador,6.028,0.912,1.312,0.868,0.498,0.126,0.087,60.279999999999994,0.114912,Medium score,6.0
50,51,Kuwait,6.021,1.5,1.319,0.808,0.493,0.142,0.097,60.21,0.21299999999999997,Medium score,6.0
51,52,Thailand,6.008,1.05,1.409,0.828,0.557,0.359,0.028,60.08,0.37695,Medium score,6.0
52,53,Latvia,5.94,1.187,1.465,0.812,0.264,0.075,0.064,59.400000000000006,0.089025,Medium score,6.0
53,54,South Korea,5.895,1.301,1.219,1.036,0.159,0.175,0.056,58.949999999999996,0.22767499999999996,Medium score,6.0
54,55,Estonia,5.893,1.237,1.528,0.874,0.495,0.103,0.161,58.93,0.127411,Medium score,6.0
55,56,Jamaica,5.89,0.831,1.478,0.831,0.49,0.107,0.028,58.9,0.088917,Medium score,6.0
56,57,Mauritius,5.888,1.12,1.402,0.798,0.498,0.215,0.06,58.879999999999995,0.24080000000000001,Medium score,6.0
57,58,Japan,5.886,1.327,1.419,1.088,0.445,0.069,0.14,58.86,0.091563,Medium score,6.0
58,59,Honduras,5.86,0.642,1.236,0.828,0.507,0.246,0.078,58.6,0.157932,Medium score,6.0
59,60,Kazakhstan,5.809,1.173,1.508,0.729,0.41,0.146,0.096,58.09,0.171258,Medium score,6.0
60,61,Bolivia,5.779,0.776,1.209,0.706,0.511,0.137,0.064,57.79,0.10631200000000002,Medium score,6.0
61,62,Hungary,5.758,1.201,1.41,0.828,0.199,0.081,0.02,57.58,0.097281,Medium score,6.0
62,63,Paraguay,5.743,0.855,1.475,0.777,0.514,0.184,0.08,57.43000000000001,0.15732,Medium score,6.0
63,64,Northern Cyprus,5.718,1.263,1.252,1.042,0.417,0.191,0.162,57.18,0.24123299999999998,Medium score,6.0
64,65,Peru,5.697,0.96,1.274,0.854,0.455,0.083,0.027,56.97,0.07968,Medium score,6.0
65,66,Portugal,5.693,1.221,1.431,0.999,0.508,0.047,0.025,56.92999999999999,0.05738700000000001,Medium score,6.0
66,67,Pakistan,5.653,0.677,0.886,0.535,0.313,0.22,0.098,56.529999999999994,0.14894000000000002,Medium score,6.0
67,68,Russia,5.648,1.183,1.452,0.726,0.334,0.082,0.031,56.48,0.09700600000000001,Medium score,6.0
68,69,Philippines,5.631,0.807,1.293,0.657,0.558,0.117,0.107,56.31,0.09441900000000002,Medium score,6.0
69,70,Serbia,5.603,1.004,1.383,0.854,0.282,0.137,0.039,56.03,0.137548,Medium score,6.0
70,71,Moldova,5.529,0.685,1.328,0.739,0.245,0.181,0.0,55.29,0.12398500000000001,Medium score,6.0
71,72,Libya,5.525,1.044,1.303,0.673,0.416,0.133,0.152,55.25,0.138852,Medium score,6.0
72,73,Montenegro,5.523,1.051,1.361,0.871,0.197,0.142,0.08,55.23,0.14924199999999999,Medium score,6.0
73,74,Tajikistan,5.467,0.493,1.098,0.718,0.389,0.23,0.144,54.669999999999995,0.11339,Medium score,5.0
74,75,Croatia,5.432,1.155,1.266,0.914,0.296,0.119,0.022,54.32000000000001,0.13744499999999998,Medium score,5.0
75,76,Hong Kong,5.43,1.438,1.277,1.122,0.44,0.258,0.287,54.3,0.371004,Medium score,5.0
76,77,Dominican Republic,5.425,1.015,1.401,0.779,0.497,0.113,0.101,54.25,0.11469499999999999,Medium score,5.0
77,78,Bosnia and Herzegovina,5.386,0.945,1.212,0.845,0.212,0.263,0.006,53.86,0.248535,Medium score,5.0
78,79,Turkey,5.373,1.183,1.36,0.808,0.195,0.083,0.106,53.730000000000004,0.09818900000000001,Medium score,5.0
79,80,Malaysia,5.339,1.221,1.171,0.828,0.508,0.26,0.024,53.39,0.31746,Medium score,5.0
80,81,Belarus,5.323,1.067,1.465,0.789,0.235,0.094,0.142,53.230000000000004,0.100298,Medium score,5.0
81,82,Greece,5.287,1.181,1.156,0.999,0.067,0.0,0.034,52.87,0.0,Medium score,5.0
82,83,Mongolia,5.285,0.948,1.531,0.667,0.317,0.235,0.038,52.85,0.22277999999999998,Medium score,5.0
83,84,North Macedonia,5.274,0.983,1.294,0.838,0.345,0.185,0.034,52.74,0.181855,Medium score,5.0
84,85,Nigeria,5.265,0.696,1.111,0.245,0.426,0.215,0.041,52.65,0.14964,Medium score,5.0
85,86,Kyrgyzstan,5.261,0.551,1.438,0.723,0.508,0.3,0.023,52.61,0.1653,Medium score,5.0
86,87,Turkmenistan,5.247,1.052,1.538,0.657,0.394,0.244,0.028,52.47,0.256688,Medium score,5.0
87,88,Algeria,5.211,1.002,1.16,0.785,0.086,0.073,0.114,52.11,0.07314599999999999,Medium score,5.0
88,89,Morocco,5.208,0.801,0.782,0.782,0.418,0.036,0.076,52.08,0.028836,Medium score,5.0
89,90,Azerbaijan,5.208,1.043,1.147,0.769,0.351,0.035,0.182,52.08,0.036505,Medium score,5.0
90,91,Lebanon,5.197,0.987,1.224,0.815,0.216,0.166,0.027,51.97,0.16384200000000002,Medium score,5.0
91,92,Indonesia,5.192,0.931,1.203,0.66,0.491,0.498,0.028,51.92,0.46363800000000005,Medium score,5.0
92,93,China,5.191,1.029,1.125,0.893,0.521,0.058,0.1,51.91,0.059682,Medium score,5.0
93,94,Vietnam,5.175,0.741,1.346,0.851,0.543,0.147,0.073,51.75,0.108927,Medium score,5.0
94,95,Bhutan,5.082,0.813,1.321,0.604,0.457,0.37,0.167,50.82,0.30080999999999997,Medium score,5.0
95,96,Cameroon,5.044,0.549,0.91,0.331,0.381,0.187,0.037,50.44,0.102663,Medium score,5.0
96,97,Bulgaria,5.011,1.092,1.513,0.815,0.311,0.081,0.004,50.11,0.088452,Medium score,5.0
97,98,Ghana,4.996,0.611,0.868,0.486,0.381,0.245,0.04,49.96000000000001,0.149695,Medium score,5.0
98,99,Ivory Coast,4.944,0.569,0.808,0.232,0.352,0.154,0.09,49.44,0.087626,Medium score,5.0
99,100,Nepal,4.913,0.446,1.226,0.677,0.439,0.285,0.089,49.13,0.12711,Medium score,5.0
100,101,Jordan,4.906,0.837,1.225,0.815,0.383,0.11,0.13,49.059999999999995,0.09207,Medium score,5.0
101,102,Benin,4.883,0.393,0.437,0.397,0.349,0.175,0.082,48.83,0.068775,Medium score,5.0
102,103,Congo (Brazzaville),4.812,0.673,0.799,0.508,0.372,0.105,0.093,48.120000000000005,0.070665,Medium score,5.0
103,104,Gabon,4.799,1.057,1.183,0.571,0.295,0.043,0.055,47.99,0.04545099999999999,Medium score,5.0
104,105,Laos,4.796,0.764,1.03,0.551,0.547,0.266,0.164,47.96,0.20322400000000002,Medium score,5.0
105,106,South Africa,4.722,0.96,1.351,0.469,0.389,0.13,0.055,47.220000000000006,0.1248,Medium score,5.0
106,107,Albania,4.719,0.947,0.848,0.874,0.383,0.178,0.027,47.190000000000005,0.168566,Medium score,5.0
107,108,Venezuela,4.707,0.96,1.427,0.805,0.154,0.064,0.047,47.07,0.06144,Medium score,5.0
108,109,Cambodia,4.7,0.574,1.122,0.637,0.609,0.232,0.062,47.0,0.133168,Medium score,5.0
109,110,Palestinian Territories,4.696,0.657,1.247,0.672,0.225,0.103,0.066,46.959999999999994,0.067671,Medium score,5.0
110,111,Senegal,4.681,0.45,1.134,0.571,0.292,0.153,0.072,46.81,0.06885,Medium score,5.0
111,112,Somalia,4.668,0.0,0.698,0.268,0.559,0.243,0.27,46.68,0.0,Medium score,5.0
112,113,Namibia,4.639,0.879,1.313,0.477,0.401,0.07,0.056,46.39,0.06153000000000001,Medium score,5.0
113,114,Niger,4.628,0.138,0.774,0.366,0.318,0.188,0.102,46.28,0.025944000000000002,Medium score,5.0
114,115,Burkina Faso,4.587,0.331,1.056,0.38,0.255,0.177,0.113,45.87,0.058587,Medium score,5.0
115,116,Armenia,4.559,0.85,1.055,0.815,0.283,0.095,0.064,45.59,0.08075,Medium score,5.0
116,117,Iran,4.548,1.1,0.842,0.785,0.305,0.27,0.125,45.480000000000004,0.29700000000000004,Medium score,5.0
117,118,Guinea,4.534,0.38,0.829,0.375,0.332,0.207,0.086,45.339999999999996,0.07866,Medium score,5.0
118,119,Georgia,4.519,0.886,0.666,0.752,0.346,0.043,0.164,45.19,0.038098,Medium score,5.0
119,120,Gambia,4.516,0.308,0.939,0.428,0.382,0.269,0.167,45.16,0.08285200000000001,Medium score,5.0
120,121,Kenya,4.509,0.512,0.983,0.581,0.431,0.372,0.053,45.09,0.190464,Medium score,5.0
121,122,Mauritania,4.49,0.57,1.167,0.489,0.066,0.106,0.088,44.900000000000006,0.060419999999999995,Medium score,4.0
122,123,Mozambique,4.466,0.204,0.986,0.39,0.494,0.197,0.138,44.660000000000004,0.040188,Medium score,4.0
123,124,Tunisia,4.461,0.921,1.0,0.815,0.167,0.059,0.055,44.61,0.054339,Medium score,4.0
124,125,Bangladesh,4.456,0.562,0.928,0.723,0.527,0.166,0.143,44.56,0.09329200000000001,Medium score,4.0
125,126,Iraq,4.437,1.043,0.98,0.574,0.241,0.148,0.089,44.370000000000005,0.15436399999999997,Medium score,4.0
126,127,Congo (Kinshasa),4.418,0.094,1.125,0.357,0.269,0.212,0.053,44.18,0.019927999999999998,Medium score,4.0
127,128,Mali,4.39,0.385,1.105,0.308,0.327,0.153,0.052,43.9,0.058905,Medium score,4.0
128,129,Sierra Leone,4.374,0.268,0.841,0.242,0.309,0.252,0.045,43.739999999999995,0.067536,Medium score,4.0
129,130,Sri Lanka,4.366,0.949,1.265,0.831,0.47,0.244,0.047,43.66,0.23155599999999998,Medium score,4.0
130,131,Myanmar,4.36,0.71,1.181,0.555,0.525,0.566,0.172,43.6,0.40185999999999994,Medium score,4.0
131,132,Chad,4.35,0.35,0.766,0.192,0.174,0.198,0.078,43.5,0.0693,Medium score,4.0
132,133,Ukraine,4.332,0.82,1.39,0.739,0.178,0.187,0.01,43.32,0.15334,Medium score,4.0
133,134,Ethiopia,4.286,0.336,1.033,0.532,0.344,0.209,0.1,42.86,0.070224,Medium score,4.0
134,135,Swaziland,4.212,0.811,1.149,0.0,0.313,0.074,0.135,42.12,0.060014,Medium score,4.0
135,136,Uganda,4.189,0.332,1.069,0.443,0.356,0.252,0.06,41.89,0.083664,Medium score,4.0
136,137,Egypt,4.166,0.913,1.039,0.644,0.241,0.076,0.067,41.660000000000004,0.069388,Medium score,4.0
137,138,Zambia,4.107,0.578,1.058,0.426,0.431,0.247,0.087,41.07,0.14276599999999998,Medium score,4.0
138,139,Togo,4.085,0.275,0.572,0.41,0.293,0.177,0.085,40.85,0.048675,Medium score,4.0
139,140,India,4.015,0.755,0.765,0.588,0.498,0.2,0.085,40.15,0.15100000000000002,Medium score,4.0
140,141,Liberia,3.975,0.073,0.922,0.443,0.37,0.233,0.033,39.75,0.017009,Medium score,4.0
141,142,Comoros,3.973,0.274,0.757,0.505,0.142,0.275,0.078,39.73,0.07535000000000001,Medium score,4.0
142,143,Madagascar,3.933,0.274,0.916,0.555,0.148,0.169,0.041,39.33,0.04630600000000001,Medium score,4.0
143,144,Lesotho,3.802,0.489,1.169,0.168,0.359,0.107,0.093,38.02,0.052322999999999995,Medium score,4.0
144,145,Burundi,3.775,0.046,0.447,0.38,0.22,0.176,0.18,37.75,0.008095999999999999,Medium score,4.0
145,146,Zimbabwe,3.663,0.366,1.114,0.433,0.361,0.151,0.089,36.629999999999995,0.055265999999999996,Medium score,4.0
146,147,Haiti,3.597,0.323,0.688,0.449,0.026,0.419,0.11,35.97,0.13533699999999999,Medium score,4.0
147,148,Botswana,3.488,1.041,1.145,0.538,0.455,0.025,0.1,34.88,0.026025,Medium score,3.0
148,149,Syria,3.462,0.619,0.378,0.44,0.013,0.331,0.141,34.620000000000005,0.20488900000000002,Medium score,3.0
149,150,Malawi,3.41,0.191,0.56,0.495,0.443,0.218,0.089,34.1,0.041638,Medium score,3.0
150,151,Yemen,3.38,0.287,1.163,0.463,0.143,0.108,0.077,33.8,0.030995999999999996,Medium score,3.0
151,152,Rwanda,3.334,0.359,0.711,0.614,0.555,0.217,0.411,33.34,0.077903,Medium score,3.0
152,153,Tanzania,3.231,0.476,0.885,0.499,0.417,0.276,0.147,32.31,0.131376,Medium score,3.0
153,154,Afghanistan,3.203,0.35,0.517,0.361,0.0,0.158,0.025,32.03,0.055299999999999995,Medium score,3.0
154,155,Central African Republic,3.083,0.026,0.0,0.105,0.225,0.235,0.035,30.830000000000002,0.006109999999999999,Medium score,3.0
155,156,South Sudan,2.853,0.306,0.575,0.295,0.01,0.202,0.091,28.53,0.061812000000000006,Low score,3.0
